reviewID,neg,neu,pos,compound
0,0.113,0.8,0.087,-0.8177
1,0.089,0.806,0.105,0.9169
2,0.071,0.705,0.223,0.9991
3,0.104,0.812,0.084,-0.6378
4,0.059,0.658,0.283,0.9608
5,0.155,0.417,0.429,0.5574
6,0.133,0.804,0.063,-0.4215
7,0.091,0.758,0.151,0.9506
8,0.232,0.643,0.125,-0.5432
9,0.155,0.761,0.084,-0.9872
10,0.14,0.754,0.105,-0.9841
11,0.074,0.799,0.128,0.7275
12,0.101,0.389,0.51,0.8588
13,0.139,0.745,0.116,-0.12
14,0.119,0.733,0.148,0.9647
15,0.232,0.643,0.125,-0.5432
16,0.028,0.841,0.13,0.9966
17,0.0,0.528,0.472,0.6557
18,0.027,0.731,0.242,0.9989
19,0.0,0.68,0.32,0.5719
20,0.029,0.662,0.309,0.9686
21,0.0,1.0,0.0,0.0
22,0.211,0.671,0.117,-0.1027
23,0.074,0.675,0.252,0.5994
24,0.141,0.68,0.18,0.9644
25,0.134,0.761,0.105,-0.3182
26,0.0,0.312,0.688,0.296
27,0.195,0.805,0.0,-0.8268
28,0.117,0.75,0.133,0.6643
29,0.071,0.788,0.14,0.9967
30,0.0,0.516,0.484,0.9504
31,0.121,0.57,0.309,0.8376
32,0.492,0.508,0.0,-0.8271
33,0.15,0.664,0.186,0.4523
34,0.0,0.879,0.121,0.296
35,0.088,0.488,0.424,0.9473
36,0.0,1.0,0.0,0.0
37,0.0,1.0,0.0,0.0
38,0.011,0.814,0.175,0.9863
39,0.159,0.673,0.168,0.0772
40,0.146,0.756,0.098,-0.4767
41,0.0,1.0,0.0,0.0
42,0.191,0.602,0.207,-0.128
43,0.0,1.0,0.0,0.0
44,0.191,0.809,0.0,-0.8555
45,0.189,0.811,0.0,-0.5423
46,0.0,1.0,0.0,0.0
47,0.168,0.638,0.194,0.7631
48,0.068,0.881,0.051,-0.2023
49,0.086,0.68,0.234,0.6574
50,0.114,0.779,0.107,-0.8374
51,0.0,1.0,0.0,0.0
52,0.161,0.729,0.109,0.0021
53,0.206,0.794,0.0,-0.3818
54,0.02,0.804,0.176,0.9974
55,0.237,0.763,0.0,-0.4215
56,0.0,0.86,0.14,0.0772
57,0.104,0.763,0.133,0.4593
58,0.241,0.556,0.204,-0.1531
59,0.106,0.655,0.239,0.7558
60,0.0,0.82,0.18,0.296
61,0.069,0.808,0.123,0.7514
62,0.0,0.619,0.381,0.8126
63,0.0,0.915,0.085,0.4005
64,0.239,0.761,0.0,-0.296
65,0.0,0.741,0.259,0.6369
66,0.0,0.518,0.482,0.9309
67,0.437,0.563,0.0,-0.4767
68,0.044,0.816,0.14,0.9878
69,0.0,0.645,0.355,0.296
70,0.062,0.677,0.261,0.8746
71,0.0,0.586,0.414,0.972
72,0.0,0.741,0.259,0.1901
73,0.0,0.686,0.314,0.9348
74,0.03,0.825,0.145,0.9766
75,0.114,0.886,0.0,-0.5574
76,0.134,0.774,0.092,-0.5789
77,0.508,0.492,0.0,-0.7351
78,0.0,0.6,0.4,0.7184
79,0.0,1.0,0.0,0.0
80,0.492,0.508,0.0,-0.8271
81,0.189,0.714,0.097,-0.4914
82,0.0,0.509,0.491,0.9464
83,0.036,0.845,0.119,0.7956
84,0.0,0.69,0.31,0.4005
85,0.0,0.785,0.215,0.8883
86,0.0,0.559,0.441,0.7964
87,0.257,0.743,0.0,-0.5367
88,0.209,0.735,0.056,-0.9562
89,0.075,0.711,0.214,0.9509
90,0.238,0.762,0.0,-0.802
91,0.0,0.347,0.653,0.944
92,0.079,0.647,0.273,0.9735
93,0.0,0.312,0.688,0.296
94,0.035,0.766,0.199,0.9965
95,0.0,0.734,0.266,0.4404
96,0.139,0.686,0.175,0.9151
97,0.0,0.769,0.231,0.2023
98,0.04,0.895,0.065,0.4201
99,0.114,0.78,0.106,-0.9269
100,0.145,0.492,0.363,0.7269
101,0.055,0.806,0.139,0.9954
102,0.081,0.866,0.052,-0.4156
103,0.222,0.543,0.235,0.0387
104,0.0,1.0,0.0,0.0
105,0.0,1.0,0.0,0.0
106,0.1,0.712,0.188,0.9956
107,0.084,0.757,0.159,0.9971
108,0.106,0.894,0.0,-0.0772
109,0.358,0.642,0.0,-0.5994
110,0.0,0.526,0.474,0.8689
111,0.142,0.79,0.068,-0.9916
112,0.0,0.898,0.102,0.5267
113,0.107,0.716,0.177,0.9959
114,0.092,0.772,0.136,0.9162
115,0.085,0.724,0.19,0.9974
116,0.14,0.694,0.166,0.9389
117,0.112,0.751,0.137,0.3716
118,0.0,0.408,0.592,0.4404
119,0.0,1.0,0.0,0.0
120,0.135,0.865,0.0,-0.1027
121,0.0,0.588,0.412,0.6369
122,0.091,0.803,0.106,0.8613
123,0.07,0.802,0.128,0.9899
124,0.201,0.61,0.189,-0.1027
125,0.06,0.721,0.219,0.9912
126,0.0,0.839,0.161,0.5574
127,0.177,0.686,0.137,-0.1779
128,0.0,1.0,0.0,0.0
129,0.302,0.698,0.0,-0.3818
130,0.046,0.696,0.258,0.9972
131,0.101,0.75,0.148,0.983
132,0.0,0.633,0.367,0.4404
133,0.0,0.489,0.511,0.9273
134,0.0,1.0,0.0,0.0
135,0.121,0.794,0.085,-0.9862
136,0.039,0.833,0.129,0.978
137,0.059,0.873,0.068,0.4981
138,0.093,0.779,0.128,0.1779
139,0.029,0.753,0.218,0.89
140,0.0,0.667,0.333,0.3612
141,0.015,0.76,0.225,0.9744
142,0.036,0.895,0.068,0.3164
143,0.12,0.797,0.083,-0.8057
144,0.13,0.712,0.158,0.0779
145,0.063,0.753,0.184,0.9988
146,0.162,0.787,0.052,-0.9828
147,0.097,0.726,0.177,0.9836
148,0.177,0.565,0.259,0.3557
149,0.21,0.573,0.217,0.0516
150,0.0,1.0,0.0,0.0
151,0.0,0.782,0.218,0.4199
152,0.0,0.687,0.313,0.8591
153,0.0,0.619,0.381,0.9476
154,0.0,0.819,0.181,0.6059
155,0.0,0.649,0.351,0.7964
156,0.0,0.721,0.279,0.4767
157,0.0,0.742,0.258,0.9022
158,0.051,0.796,0.153,0.8126
159,0.145,0.768,0.088,-0.8775
160,0.189,0.811,0.0,-0.4215
161,0.0,0.586,0.414,0.9766
162,0.106,0.811,0.083,-0.7725
163,0.127,0.786,0.087,-0.7964
164,0.151,0.764,0.085,-0.9344
165,0.044,0.765,0.192,0.9957
166,0.056,0.785,0.159,0.6412
167,0.065,0.795,0.14,0.9587
168,0.063,0.748,0.189,0.9706
169,0.037,0.883,0.08,0.3612
170,0.097,0.798,0.105,0.0516
171,0.043,0.779,0.178,0.996
172,0.0,0.325,0.675,0.807
173,0.0,0.698,0.302,0.8316
174,0.0,0.719,0.281,0.7249
175,0.037,0.827,0.136,0.6746
176,0.087,0.542,0.372,0.9878
177,0.0,1.0,0.0,0.0
178,0.13,0.78,0.09,-0.8747
179,0.0,0.8,0.2,0.2492
180,0.0,0.579,0.421,0.8065
181,0.0,0.656,0.344,0.9848
182,0.0,1.0,0.0,0.0
183,0.303,0.606,0.091,-0.8689
184,0.066,0.815,0.119,0.9327
185,0.459,0.541,0.0,-0.5267
186,0.106,0.865,0.029,-0.6891
187,0.31,0.69,0.0,-0.6705
188,0.033,0.731,0.235,0.9828
189,0.144,0.738,0.118,-0.1779
190,0.105,0.805,0.091,-0.2344
191,0.02,0.843,0.136,0.9341
192,0.141,0.469,0.39,0.944
193,0.0,0.654,0.346,0.9294
194,0.073,0.638,0.29,0.9168
195,0.142,0.751,0.107,-0.2163
196,0.05,0.691,0.259,0.9929
197,0.0,0.668,0.332,0.9371
198,0.2,0.723,0.077,-0.932
199,0.0,0.82,0.18,0.5106
200,0.054,0.809,0.138,0.9675
201,0.176,0.338,0.486,0.5574
202,0.305,0.574,0.121,-0.8954
203,0.0,0.637,0.363,0.8859
204,0.135,0.653,0.212,0.9796
205,0.284,0.537,0.179,-0.6017
206,0.035,0.85,0.114,0.9895
207,0.0,0.837,0.163,0.8883
208,0.21,0.723,0.067,-0.7615
209,0.12,0.744,0.136,0.6684
210,0.109,0.598,0.293,0.9087
211,0.072,0.57,0.357,0.8589
212,0.116,0.801,0.083,-0.2732
213,0.033,0.724,0.243,0.9892
214,0.065,0.781,0.154,0.668
215,0.125,0.738,0.137,0.831
216,0.0,1.0,0.0,0.0
217,0.213,0.696,0.091,-0.8957
218,0.0,0.756,0.244,0.4404
219,0.152,0.771,0.077,-0.2356
220,0.053,0.709,0.238,0.9428
221,0.073,0.618,0.309,0.8555
222,0.0,0.869,0.131,0.7876
223,0.0,1.0,0.0,0.0
224,0.074,0.793,0.133,0.9451
225,0.069,0.816,0.115,0.9696
226,0.0,0.84,0.16,0.8393
227,0.0,0.625,0.375,0.5859
228,0.07,0.631,0.299,0.81
229,0.0,0.677,0.323,0.7964
230,0.064,0.515,0.421,0.946
231,0.0,0.508,0.492,0.4404
232,0.112,0.814,0.073,-0.5261
233,0.07,0.869,0.061,-0.2468
234,0.019,0.688,0.293,0.9835
235,0.0,0.608,0.392,0.9498
236,0.261,0.739,0.0,-0.6808
237,0.0,0.453,0.547,0.9261
238,0.172,0.722,0.106,-0.836
239,0.007,0.885,0.108,0.9531
240,0.083,0.574,0.343,0.9779
241,0.096,0.746,0.158,0.839
242,0.229,0.771,0.0,-0.7393
243,0.097,0.696,0.208,0.8977
244,0.056,0.716,0.228,0.9707
245,0.0,0.625,0.375,0.34
246,0.0,0.83,0.17,0.6278
247,0.208,0.792,0.0,-0.7789
248,0.083,0.459,0.458,0.9595
249,0.045,0.771,0.184,0.722
250,0.0,0.557,0.443,0.926
251,0.0,1.0,0.0,0.0
252,0.0,0.269,0.731,0.946
253,0.088,0.76,0.152,0.7275
254,0.095,0.833,0.072,-0.5307
255,0.0,1.0,0.0,0.0
256,0.037,0.863,0.099,0.5106
257,0.0,1.0,0.0,0.0
258,0.0,0.408,0.592,0.4404
259,0.13,0.721,0.149,-0.1536
260,0.094,0.769,0.137,0.9794
261,0.111,0.781,0.107,0.2511
262,0.125,0.74,0.135,0.237
263,0.122,0.773,0.105,-0.3182
264,0.119,0.746,0.136,0.9328
265,0.06,0.854,0.085,0.296
266,0.156,0.676,0.168,0.2189
267,0.0,0.783,0.217,0.3612
268,0.056,0.848,0.096,0.9407
269,0.1,0.618,0.282,0.9601
270,0.144,0.729,0.126,-0.767
271,0.147,0.756,0.097,-0.9864
272,0.065,0.791,0.144,0.901
273,0.075,0.836,0.089,0.7915
274,0.583,0.417,0.0,-0.4215
275,0.171,0.715,0.113,-0.9432
276,0.158,0.666,0.176,0.1926
277,0.122,0.726,0.152,0.9554
278,0.173,0.79,0.037,-0.8588
279,0.102,0.771,0.127,0.9888
280,0.094,0.794,0.112,0.8898
281,0.041,0.65,0.309,0.9817
282,0.197,0.634,0.169,-0.1027
283,0.072,0.66,0.268,0.9873
284,0.0,0.687,0.313,0.6249
285,0.0,0.905,0.095,0.2732
286,0.099,0.732,0.169,0.6221
287,0.066,0.739,0.195,0.8869
288,0.0,1.0,0.0,0.0
289,0.0,0.349,0.651,0.9042
290,0.0,0.645,0.355,0.9914
291,0.0,1.0,0.0,0.0
292,0.0,1.0,0.0,0.0
293,0.44,0.56,0.0,-0.7573
294,0.061,0.939,0.0,-0.5255
295,0.0,0.627,0.373,0.7871
296,0.131,0.744,0.125,-0.2167
297,0.091,0.619,0.291,0.753
298,0.0,0.856,0.144,0.4003
299,0.096,0.789,0.115,0.3578
300,0.075,0.781,0.144,0.9699
301,0.054,0.756,0.19,0.9395
302,0.036,0.78,0.184,0.8718
303,0.0,0.427,0.573,0.9526
304,0.046,0.762,0.191,0.97
305,0.048,0.781,0.172,0.9987
306,0.583,0.417,0.0,-0.4215
307,0.109,0.702,0.189,0.782
308,0.0,0.533,0.467,0.7906
309,0.189,0.735,0.076,-0.9972
310,0.02,0.805,0.174,0.9729
311,0.074,0.68,0.246,0.9501
312,0.069,0.748,0.184,0.9077
313,0.052,0.876,0.072,0.2003
314,0.677,0.323,0.0,-0.636
315,0.113,0.814,0.073,-0.9674
316,0.0,1.0,0.0,0.0
317,0.014,0.775,0.211,0.9645
318,0.092,0.714,0.194,0.9862
319,0.0,0.571,0.429,0.8676
320,0.242,0.62,0.138,-0.7184
321,0.094,0.682,0.224,0.978
322,0.0,0.651,0.349,0.9244
323,0.065,0.841,0.094,0.664
324,0.204,0.658,0.138,-0.1326
325,0.14,0.742,0.118,-0.968
326,0.125,0.735,0.14,0.5961
327,0.114,0.74,0.147,0.0072
328,0.1,0.709,0.19,0.9491
329,0.16,0.709,0.131,-0.1012
330,0.104,0.767,0.129,0.865
331,0.083,0.83,0.087,0.0258
332,0.048,0.701,0.251,0.8464
333,0.0,0.743,0.257,0.9587
334,0.017,0.849,0.134,0.9319
335,0.075,0.882,0.044,-0.6562
336,0.0,0.488,0.512,0.9399
337,0.152,0.433,0.415,0.8591
338,0.04,0.814,0.146,0.8774
339,0.076,0.592,0.333,0.9838
340,0.017,0.849,0.134,0.9319
341,0.082,0.653,0.265,0.9673
342,0.147,0.853,0.0,-0.4767
343,0.059,0.724,0.217,0.9493
344,0.133,0.705,0.162,0.4404
345,0.157,0.642,0.201,-0.0672
346,0.04,0.66,0.3,0.9599
347,0.129,0.691,0.179,0.9921
348,0.124,0.742,0.134,0.1621
349,0.0,1.0,0.0,0.0
350,0.0,0.749,0.251,0.5719
351,0.226,0.676,0.097,-0.847
352,0.145,0.855,0.0,-0.296
353,0.221,0.724,0.055,-0.7057
354,0.136,0.63,0.234,0.9362
355,0.0,0.625,0.375,0.6369
356,0.157,0.843,0.0,-0.4215
357,0.08,0.92,0.0,-0.7564
358,0.079,0.78,0.141,0.8184
359,0.139,0.678,0.183,0.7287
360,0.098,0.787,0.115,0.6092
361,0.047,0.834,0.119,0.8792
362,0.129,0.788,0.082,-0.8725
363,0.225,0.607,0.168,-0.8185
364,0.073,0.852,0.075,0.2801
365,0.0,0.476,0.524,0.765
366,0.0,0.526,0.474,0.6605
367,0.097,0.705,0.199,0.9818
368,0.0,0.504,0.496,0.9297
369,0.041,0.697,0.262,0.9541
370,0.048,0.682,0.27,0.9239
371,0.039,0.8,0.161,0.9908
372,0.234,0.445,0.321,0.3677
373,0.091,0.689,0.22,0.9454
374,0.087,0.737,0.177,0.9961
375,0.042,0.719,0.239,0.7814
376,0.039,0.725,0.236,0.9823
377,0.0,0.78,0.22,0.9712
378,0.079,0.86,0.061,-0.9308
379,0.0,1.0,0.0,0.0
380,0.0,0.922,0.078,0.2942
381,0.0,1.0,0.0,0.0
382,0.0,1.0,0.0,0.0
383,0.0,0.738,0.262,0.7783
384,0.0,0.756,0.244,0.6369
385,0.0,0.625,0.375,0.8562
386,0.086,0.651,0.264,0.9872
387,0.069,0.721,0.21,0.6705
388,0.0,0.328,0.672,0.6249
389,0.0,0.0,1.0,0.3182
390,0.167,0.718,0.116,-0.3147
391,0.0,0.759,0.241,0.2263
392,0.0,0.654,0.346,0.5719
393,0.061,0.559,0.38,0.9113
394,0.038,0.828,0.134,0.9913
395,0.031,0.79,0.179,0.9537
396,0.0,0.58,0.42,0.9954
397,0.047,0.827,0.126,0.9348
398,0.0,1.0,0.0,0.0
399,0.0,0.58,0.42,0.9954
400,0.0,0.833,0.167,0.8625
401,0.073,0.64,0.287,0.9241
402,0.0,0.759,0.241,0.2263
403,0.0,0.654,0.346,0.5719
404,0.061,0.559,0.38,0.9113
405,0.038,0.828,0.134,0.9913
406,0.0,0.801,0.199,0.8481
407,0.0,0.642,0.358,0.6672
408,0.0,0.738,0.262,0.7783
409,0.0,0.594,0.406,0.6249
410,0.0,0.892,0.108,0.9572
411,0.106,0.708,0.186,0.4215
412,0.0,0.76,0.24,0.9231
413,0.259,0.662,0.079,-0.6909
414,0.184,0.525,0.292,0.5106
415,0.0,0.427,0.573,0.8555
416,0.0,0.833,0.167,0.8625
417,0.072,0.827,0.102,-0.0258
418,0.0,0.758,0.242,0.4927
419,0.0,0.667,0.333,0.9253
420,0.042,0.719,0.239,0.7814
421,0.039,0.725,0.236,0.9823
422,0.0,0.76,0.24,0.9231
423,0.184,0.525,0.292,0.5106
424,0.041,0.697,0.262,0.9541
425,0.048,0.682,0.27,0.9239
426,0.0,0.732,0.268,0.765
427,0.0,0.756,0.244,0.6369
428,0.057,0.393,0.55,0.9232
429,0.036,0.807,0.157,0.9948
430,0.0,0.323,0.677,0.6369
431,0.0,1.0,0.0,0.0
432,0.073,0.751,0.176,0.6178
433,0.394,0.606,0.0,-0.6369
434,0.0,0.672,0.328,0.7783
435,0.0,1.0,0.0,0.0
436,0.0,0.368,0.632,0.8832
437,0.0,0.779,0.221,0.8689
438,0.171,0.773,0.056,-0.9935
439,0.066,0.734,0.199,0.5848
440,0.0,0.648,0.352,0.5859
441,0.104,0.824,0.071,0.2444
442,0.0,0.814,0.186,0.154
443,0.087,0.844,0.069,-0.1164
444,0.086,0.798,0.116,0.6131
445,0.35,0.65,0.0,-0.7906
446,0.081,0.765,0.153,0.999
447,0.059,0.778,0.162,0.7714
448,0.051,0.625,0.324,0.821
449,0.0,0.591,0.409,0.8519
450,0.0,0.742,0.258,0.765
451,0.119,0.812,0.069,-0.8025
452,0.0,0.691,0.309,0.555
453,0.0,0.682,0.318,0.6369
454,0.082,0.786,0.132,0.34
455,0.12,0.657,0.222,0.9813
456,0.051,0.833,0.116,0.8173
457,0.0,0.794,0.206,0.7783
458,0.0,0.836,0.164,0.8496
459,0.101,0.466,0.433,0.9153
460,0.0,0.732,0.268,0.5106
461,0.029,0.78,0.191,0.7537
462,0.039,0.675,0.286,0.9833
463,0.0,0.734,0.266,0.4404
464,0.0,0.526,0.474,0.6605
465,0.057,0.393,0.55,0.9232
466,0.0,0.691,0.309,0.555
467,0.0,0.682,0.318,0.6369
468,0.082,0.786,0.132,0.34
469,0.0,0.196,0.804,0.6249
470,0.084,0.867,0.048,-0.8074
471,0.0,0.448,0.552,0.9022
472,0.017,0.694,0.289,0.9863
473,0.0,0.886,0.114,0.4019
474,0.0,0.724,0.276,0.6369
475,0.0,0.826,0.174,0.6908
476,0.017,0.694,0.289,0.9863
477,0.045,0.832,0.123,0.6517
478,0.0,1.0,0.0,0.0
479,0.061,0.863,0.075,-0.1278
480,0.0,0.448,0.552,0.9022
481,0.0,0.622,0.378,0.8442
482,0.0,0.488,0.512,0.6369
483,0.0,0.512,0.488,0.9864
484,0.191,0.499,0.31,0.4797
485,0.08,0.725,0.194,0.6597
486,0.113,0.8,0.087,-0.8177
487,0.089,0.806,0.105,0.9169
488,0.071,0.705,0.223,0.9991
489,0.104,0.812,0.084,-0.6378
490,0.059,0.658,0.283,0.9608
491,0.155,0.417,0.429,0.5574
492,0.133,0.804,0.063,-0.4215
493,0.091,0.758,0.151,0.9506
494,0.232,0.643,0.125,-0.5432
495,0.155,0.761,0.084,-0.9872
496,0.104,0.804,0.093,0.1668
497,0.188,0.672,0.14,-0.7527
498,0.0,1.0,0.0,0.0
499,0.0,0.771,0.229,0.8586
500,0.0,1.0,0.0,0.0
501,0.209,0.631,0.161,-0.545
502,0.05,0.732,0.219,0.993
503,0.127,0.873,0.0,-0.4939
504,0.085,0.816,0.099,0.3695
505,0.0,0.736,0.264,0.7269
506,0.0,0.545,0.455,0.9584
507,0.0,0.588,0.412,0.6369
508,0.285,0.292,0.423,0.2263
509,0.067,0.724,0.209,0.9623
510,0.092,0.755,0.152,0.8997
511,0.0,0.554,0.446,0.983
512,0.123,0.587,0.29,0.8932
513,0.0,0.532,0.468,0.8316
514,0.0,0.783,0.217,0.765
515,0.066,0.826,0.108,0.9556
516,0.0,1.0,0.0,0.0
517,0.056,0.684,0.261,0.8625
518,0.12,0.781,0.099,-0.1447
519,0.056,0.753,0.191,0.8516
520,0.0,1.0,0.0,0.0
521,0.236,0.685,0.079,-0.6908
522,0.104,0.593,0.304,0.5719
523,0.122,0.707,0.171,0.8647
524,0.0,1.0,0.0,0.0
525,0.113,0.8,0.087,-0.8177
526,0.089,0.806,0.105,0.9169
527,0.071,0.705,0.223,0.9991
528,0.104,0.812,0.084,-0.6378
529,0.059,0.658,0.283,0.9608
530,0.155,0.417,0.429,0.5574
531,0.133,0.804,0.063,-0.4215
532,0.091,0.758,0.151,0.9506
533,0.232,0.643,0.125,-0.5432
534,0.155,0.761,0.084,-0.9872
535,0.024,0.781,0.195,0.9493
536,0.044,0.857,0.099,0.6865
537,0.1,0.777,0.122,0.4735
538,0.236,0.69,0.074,-0.9709
539,0.0,0.745,0.255,0.9692
540,0.14,0.707,0.154,0.0999
541,0.139,0.703,0.158,0.5615
542,0.0,0.737,0.263,0.3612
543,0.135,0.865,0.0,-0.6219
544,0.03,0.834,0.136,0.9959
545,0.05,0.777,0.173,0.9897
546,0.129,0.668,0.203,0.5511
547,0.129,0.801,0.069,-0.9413
548,0.041,0.773,0.186,0.9527
549,0.0,0.377,0.623,0.872
550,0.065,0.808,0.127,0.9419
551,0.0,0.667,0.333,0.6114
552,0.023,0.769,0.208,0.9618
553,0.095,0.743,0.162,0.7287
554,0.092,0.782,0.126,0.9557
555,0.103,0.824,0.074,-0.4019
556,0.148,0.585,0.267,0.7579
557,0.0,0.827,0.173,0.2235
558,0.102,0.898,0.0,-0.1511
559,0.0,0.417,0.583,0.6369
560,0.059,0.789,0.152,0.8742
561,0.0,0.571,0.429,0.7184
562,0.286,0.714,0.0,-0.3818
563,0.112,0.84,0.049,-0.5256
564,0.236,0.612,0.152,-0.8368
565,0.177,0.748,0.074,-0.9922
566,0.149,0.75,0.101,-0.9349
567,0.028,0.714,0.258,0.98
568,0.19,0.81,0.0,-0.2755
569,0.053,0.791,0.156,0.9478
570,0.078,0.796,0.127,0.5614
571,0.06,0.804,0.137,0.9956
572,0.302,0.63,0.068,-0.9939
573,0.101,0.833,0.067,-0.6843
574,0.0,0.5,0.5,0.875
575,0.0,0.488,0.512,0.4847
576,0.0,1.0,0.0,0.0
577,0.135,0.727,0.138,-0.1965
578,0.0,0.508,0.492,0.9382
579,0.09,0.78,0.13,0.9724
580,0.113,0.8,0.087,-0.8177
581,0.089,0.806,0.105,0.9169
582,0.071,0.705,0.223,0.9991
583,0.104,0.812,0.084,-0.6378
584,0.059,0.658,0.283,0.9608
585,0.155,0.417,0.429,0.5574
586,0.133,0.804,0.063,-0.4215
587,0.091,0.758,0.151,0.9506
588,0.232,0.643,0.125,-0.5432
589,0.155,0.761,0.084,-0.9872
590,0.0,0.564,0.436,0.4753
591,0.094,0.748,0.158,0.9518
592,0.141,0.782,0.077,-0.9946
593,0.554,0.446,0.0,-0.9738
594,0.087,0.481,0.431,0.9618
595,0.114,0.744,0.143,0.2161
596,0.103,0.74,0.157,0.926
597,0.0,1.0,0.0,0.0
598,0.0,1.0,0.0,0.0
599,0.111,0.857,0.033,-0.8442
600,0.0,1.0,0.0,0.0
601,0.0,0.588,0.412,0.8442
602,0.145,0.77,0.085,-0.976
603,0.0,1.0,0.0,0.0
604,0.14,0.595,0.264,0.3245
605,0.0,0.609,0.391,0.6696
606,0.089,0.8,0.111,0.8496
607,0.0,0.923,0.077,0.3612
608,0.092,0.68,0.228,0.9539
609,0.091,0.879,0.03,-0.6114
610,0.13,0.751,0.12,-0.9829
611,0.184,0.7,0.116,-0.9969
612,0.162,0.703,0.135,-0.916
613,0.058,0.8,0.142,0.9967
614,0.183,0.417,0.4,0.3818
615,0.155,0.417,0.429,0.5574
616,0.189,0.689,0.122,-0.4109
617,0.081,0.691,0.228,0.9753
618,0.0,0.571,0.429,0.7184
619,0.03,0.764,0.206,0.9588
620,0.0,0.674,0.326,0.4404
621,0.018,0.832,0.15,0.9953
622,0.057,0.709,0.234,0.8176
623,0.0,0.196,0.804,0.6249
624,0.054,0.857,0.089,0.2382
625,0.0,0.806,0.194,0.802
626,0.307,0.458,0.235,-0.0258
627,0.0,1.0,0.0,0.0
628,0.0,0.624,0.376,0.8925
629,0.065,0.769,0.166,0.9313
630,0.0,0.77,0.23,0.2724
631,0.0,0.581,0.419,0.8957
632,0.0,0.476,0.524,0.5106
633,0.0,0.122,0.878,0.802
634,0.0,1.0,0.0,0.0
635,0.061,0.82,0.12,0.9503
636,0.121,0.795,0.083,0.0237
637,0.035,0.866,0.099,0.7469
638,0.0,0.706,0.294,0.836
639,0.0,0.602,0.398,0.6468
640,0.266,0.734,0.0,-0.4404
641,0.059,0.516,0.425,0.9011
642,0.074,0.554,0.372,0.9391
643,0.023,0.84,0.138,0.7929
644,0.081,0.851,0.068,-0.8033
645,0.065,0.815,0.119,0.5188
646,0.0,0.76,0.24,0.6249
647,0.0,0.823,0.177,0.6326
648,0.0,1.0,0.0,0.0
649,0.0,0.196,0.804,0.6249
650,0.0,0.731,0.269,0.7396
651,0.0,1.0,0.0,0.0
652,0.227,0.233,0.541,0.6597
653,0.0,0.638,0.362,0.6877
654,0.043,0.792,0.165,0.9754
655,0.0,0.196,0.804,0.6249
656,0.085,0.695,0.22,0.9849
657,0.246,0.622,0.131,-0.8018
658,0.0,0.762,0.238,0.5707
659,0.0,0.851,0.149,0.8126
660,0.0,0.78,0.22,0.7911
661,0.0,0.196,0.804,0.6249
662,0.0,1.0,0.0,0.0
663,0.035,0.745,0.22,0.7702
664,0.018,0.74,0.242,0.9783
665,0.146,0.841,0.013,-0.9562
666,0.0,0.743,0.257,0.8519
667,0.0,0.744,0.256,0.5827
668,0.0,0.367,0.633,0.784
669,0.0,1.0,0.0,0.0
670,0.0,0.734,0.266,0.2905
671,0.0,0.8,0.2,0.3612
672,0.028,0.699,0.273,0.9839
673,0.0,0.323,0.677,0.6369
674,0.0,0.588,0.412,0.6369
675,0.157,0.496,0.347,0.5106
676,0.0,0.826,0.174,0.886
677,0.049,0.823,0.128,0.9649
678,0.0,0.323,0.677,0.6369
679,0.085,0.714,0.201,0.9869
680,0.173,0.676,0.151,-0.7953
681,0.0,1.0,0.0,0.0
682,0.062,0.782,0.155,0.9881
683,0.0,1.0,0.0,0.0
684,0.0,0.944,0.056,0.4404
685,0.0,0.658,0.342,0.9694
686,0.0,1.0,0.0,0.0
687,0.12,0.549,0.331,0.7934
688,0.103,0.695,0.201,0.9978
689,0.0,0.545,0.455,0.924
690,0.0,0.308,0.692,0.6696
691,0.031,0.772,0.196,0.9407
692,0.058,0.811,0.132,0.9785
693,0.158,0.567,0.275,0.4404
694,0.0,0.452,0.548,0.9657
695,0.0,1.0,0.0,0.0
696,0.073,0.703,0.224,0.9099
697,0.097,0.713,0.19,0.8122
698,0.068,0.631,0.301,0.8402
699,0.089,0.601,0.31,0.8805
700,0.186,0.646,0.168,0.1154
701,0.045,0.815,0.14,0.8098
702,0.0,0.626,0.374,0.8008
703,0.046,0.519,0.434,0.9854
704,0.0,0.625,0.375,0.6369
705,0.0,0.808,0.192,0.2263
706,0.112,0.724,0.164,0.702
707,0.085,0.779,0.136,0.6369
708,0.0,0.772,0.228,0.431
709,0.0,0.514,0.486,0.8858
710,0.0,0.893,0.107,0.34
711,0.0,0.489,0.511,0.8537
712,0.0,0.196,0.804,0.6249
713,0.083,0.807,0.111,0.8187
714,0.0,0.808,0.192,0.2263
715,0.0,0.858,0.142,0.872
716,0.023,0.8,0.177,0.8653
717,0.047,0.747,0.207,0.9789
718,0.096,0.715,0.189,0.9846
719,0.31,0.69,0.0,-0.5574
720,0.031,0.846,0.122,0.7902
721,0.114,0.648,0.239,0.8691
722,0.0,0.323,0.677,0.6369
723,0.104,0.782,0.114,0.4012
724,0.039,0.591,0.37,0.9958
725,0.044,0.654,0.302,0.9448
726,0.4,0.118,0.482,0.1779
727,0.142,0.75,0.108,-0.8055
728,0.0,0.406,0.594,0.6588
729,0.0,0.828,0.172,0.3612
730,0.0,0.517,0.483,0.8164
731,0.0,1.0,0.0,0.0
732,0.0,0.401,0.599,0.6688
733,0.0,0.549,0.451,0.6249
734,0.0,0.238,0.762,0.4939
735,0.0,0.728,0.272,0.81
736,0.171,0.596,0.233,0.3384
737,0.0,0.755,0.245,0.8655
738,0.046,0.596,0.358,0.872
739,0.052,0.781,0.167,0.4767
740,0.011,0.847,0.143,0.928
741,0.043,0.78,0.177,0.9656
742,0.0,0.358,0.642,0.927
743,0.053,0.689,0.257,0.9256
744,0.0,0.225,0.775,0.7841
745,0.0,1.0,0.0,0.0
746,0.0,0.441,0.559,0.5859
747,0.0,1.0,0.0,0.0
748,0.0,1.0,0.0,0.0
749,0.0,1.0,0.0,0.0
750,0.0,0.507,0.493,0.7783
751,0.0,0.532,0.468,0.6588
752,0.119,0.684,0.198,0.5093
753,0.0,0.323,0.677,0.6369
754,0.0,0.743,0.257,0.915
755,0.0,0.637,0.363,0.69
756,0.0,0.766,0.234,0.9552
757,1.0,0.0,0.0,-0.5562
758,0.0,0.703,0.297,0.9262
759,0.06,0.755,0.185,0.8894
760,0.0,0.631,0.369,0.624
761,0.013,0.761,0.226,0.9705
762,0.0,0.659,0.341,0.7389
763,0.348,0.652,0.0,-0.1531
764,0.055,0.78,0.166,0.981
765,0.0,0.796,0.204,0.6249
766,0.0,0.805,0.195,0.5974
767,0.0,0.382,0.618,0.7964
768,0.0,0.678,0.322,0.2263
769,0.112,0.612,0.276,0.4939
770,0.0,0.858,0.142,0.5106
771,0.07,0.765,0.165,0.8367
772,0.094,0.779,0.126,0.7203
773,0.0,0.677,0.323,0.8225
774,0.0,1.0,0.0,0.0
775,0.0,0.706,0.294,0.9215
776,0.0,0.833,0.167,0.34
777,0.217,0.444,0.339,0.296
778,0.162,0.637,0.201,0.0516
779,0.0,0.413,0.587,0.9298
780,0.0,1.0,0.0,0.0
781,0.134,0.694,0.171,0.6946
782,0.06,0.764,0.175,0.9135
783,0.0,0.698,0.302,0.7574
784,0.128,0.768,0.105,-0.0031
785,0.0,0.728,0.272,0.7964
786,0.217,0.444,0.339,0.296
787,0.0,0.698,0.302,0.7574
788,0.073,0.759,0.168,0.7539
789,0.058,0.777,0.165,0.8831
790,0.0,0.723,0.277,0.8313
791,0.0,0.879,0.121,0.9511
792,0.0,0.406,0.594,0.6588
793,0.0,0.774,0.226,0.8292
794,0.132,0.717,0.151,0.7933
795,0.142,0.815,0.043,-0.7717
796,0.0,0.725,0.275,0.9189
797,0.0,0.608,0.392,0.9772
798,0.059,0.729,0.212,0.8492
799,0.0,0.494,0.506,0.8479
800,0.0,0.71,0.29,0.8402
801,0.0,0.698,0.302,0.7574
802,0.0,0.809,0.191,0.9437
803,0.059,0.813,0.128,0.7759
804,0.058,0.858,0.083,0.4939
805,0.025,0.776,0.199,0.9661
806,0.0,0.127,0.873,0.784
807,0.0,0.417,0.583,0.6808
808,0.0,0.496,0.504,0.7249
809,0.0,0.882,0.118,0.7557
810,0.182,0.818,0.0,-0.4404
811,0.0,0.732,0.268,0.6588
812,0.019,0.831,0.15,0.9555
813,0.0,0.435,0.565,0.886
814,0.0,0.549,0.451,0.6249
815,0.096,0.798,0.106,0.1313
816,0.0,0.879,0.121,0.9511
817,0.0,0.406,0.594,0.6588
818,0.0,0.774,0.226,0.8292
819,0.132,0.717,0.151,0.7933
820,0.0,0.401,0.599,0.6688
821,0.128,0.768,0.105,-0.0031
822,0.162,0.637,0.201,0.0516
823,0.0,0.323,0.677,0.6369
824,0.0,0.743,0.257,0.915
825,0.398,0.306,0.296,-0.25
826,0.071,0.707,0.222,0.9774
827,0.0,0.506,0.494,0.9136
828,0.0,0.847,0.153,0.9149
829,0.077,0.797,0.125,0.6365
830,0.0,0.723,0.277,0.8313
831,0.0,0.725,0.275,0.945
832,0.073,0.803,0.124,0.5389
833,0.0,0.483,0.517,0.8172
834,0.091,0.852,0.057,-0.1779
835,0.087,0.775,0.138,0.7184
836,0.073,0.759,0.168,0.7539
837,0.058,0.777,0.165,0.8831
838,0.094,0.79,0.116,0.6012
839,0.0,0.829,0.171,0.9022
840,0.0,0.695,0.305,0.784
841,0.066,0.855,0.079,0.3291
842,0.0,0.313,0.687,0.6588
843,0.0,0.423,0.577,0.8481
844,0.0,0.843,0.157,0.893
845,0.192,0.673,0.135,-0.9564
846,0.0,0.336,0.664,0.8718
847,0.0,0.789,0.211,0.34
848,0.0,0.844,0.156,0.7264
849,0.055,0.796,0.149,0.869
850,0.102,0.65,0.248,0.8056
851,0.081,0.776,0.144,0.9062
852,0.271,0.634,0.095,-0.7165
853,0.044,0.842,0.114,0.914
854,0.0,0.488,0.512,0.6369
855,0.102,0.717,0.181,0.962
856,0.108,0.703,0.188,0.9871
857,0.145,0.724,0.131,-0.1118
858,0.119,0.695,0.186,0.64
859,0.132,0.758,0.11,-0.8596
860,0.101,0.692,0.207,0.9109
861,0.0,0.543,0.457,0.6369
862,0.061,0.787,0.152,0.9591
863,0.114,0.823,0.063,-0.9135
864,0.0,0.393,0.607,0.4753
865,0.0,0.189,0.811,0.9169
866,0.0,0.893,0.107,0.6369
867,0.192,0.614,0.195,0.0451
868,0.095,0.82,0.085,-0.1027
869,0.13,0.778,0.092,-0.3182
870,0.0,0.769,0.231,0.6369
871,0.312,0.688,0.0,-0.8271
872,0.485,0.515,0.0,-0.5727
873,0.0,1.0,0.0,0.0
874,0.0,0.673,0.327,0.9729
875,0.178,0.822,0.0,-0.3818
876,0.0,0.568,0.432,0.5859
877,0.057,0.786,0.157,0.6908
878,0.026,0.609,0.364,0.9359
879,0.0,0.654,0.346,0.9937
880,0.0,0.709,0.291,0.902
881,0.062,0.574,0.365,0.9705
882,0.086,0.742,0.172,0.8591
883,0.312,0.688,0.0,-0.5464
884,0.0,0.843,0.157,0.0772
885,0.111,0.671,0.218,0.8107
886,0.053,0.768,0.179,0.9892
887,0.133,0.666,0.201,0.6239
888,0.0,0.673,0.327,0.9729
889,0.178,0.822,0.0,-0.3818
890,0.061,0.787,0.152,0.9591
891,0.114,0.823,0.063,-0.9135
892,0.0,0.393,0.607,0.4753
893,0.0,0.189,0.811,0.9169
894,0.0,0.893,0.107,0.6369
895,0.192,0.614,0.195,0.0451
896,0.221,0.521,0.259,0.3365
897,0.0,1.0,0.0,0.0
898,0.043,0.863,0.094,0.5647
899,0.134,0.681,0.185,0.088
900,0.0,0.727,0.273,0.9311
901,0.0,0.87,0.13,0.2382
902,0.0,1.0,0.0,0.0
903,0.0,0.233,0.767,0.5106
904,0.148,0.664,0.188,0.632
905,0.294,0.458,0.248,0.0772
906,0.0,0.699,0.301,0.6808
907,0.128,0.504,0.369,0.8268
908,0.0,0.722,0.278,0.7812
909,0.172,0.216,0.613,0.6244
910,0.0,0.893,0.107,0.8519
911,0.133,0.811,0.056,-0.6124
912,0.111,0.762,0.127,0.0644
913,0.0,0.582,0.418,0.9834
914,0.0,0.63,0.37,0.9105
915,0.121,0.839,0.04,-0.9943
916,0.0,0.361,0.639,0.6486
917,0.075,0.726,0.199,0.9055
918,0.207,0.76,0.033,-0.9244
919,0.015,0.724,0.261,0.9852
920,0.0,0.876,0.124,0.34
921,0.0,0.857,0.143,0.5916
922,0.071,0.777,0.152,0.944
923,0.0,0.784,0.216,0.7339
924,0.031,0.753,0.216,0.9356
925,0.028,0.774,0.198,0.9717
926,0.0,0.498,0.502,0.902
927,0.0,0.862,0.138,0.4939
928,0.0,0.639,0.361,0.7249
929,0.133,0.67,0.197,0.6373
930,0.0,0.515,0.485,0.765
931,0.026,0.737,0.237,0.9899
932,0.0,1.0,0.0,0.0
933,0.0,0.736,0.264,0.9709
934,0.0,1.0,0.0,0.0
935,0.0,0.389,0.611,0.9814
936,0.05,0.607,0.344,0.9938
937,0.0,0.522,0.478,0.6705
938,0.018,0.83,0.151,0.9071
939,0.042,0.736,0.222,0.8208
940,0.0,0.406,0.594,0.6588
941,0.021,0.607,0.373,0.9694
942,0.0,0.642,0.358,0.9057
943,0.0,1.0,0.0,0.0
944,0.0,0.744,0.256,0.4767
945,0.0,1.0,0.0,0.0
946,0.216,0.602,0.183,0.1739
947,0.085,0.739,0.175,0.988
948,0.0,0.771,0.229,0.9393
949,0.0,0.854,0.146,0.8718
950,0.0,0.79,0.21,0.8303
951,0.0,0.678,0.322,0.6908
952,0.133,0.666,0.201,0.6239
953,0.015,0.807,0.178,0.9321
954,0.0,0.6,0.4,0.8402
955,0.0,1.0,0.0,0.0
956,0.069,0.669,0.262,0.9867
957,0.107,0.729,0.164,0.8481
958,0.024,0.785,0.191,0.9333
959,0.046,0.779,0.175,0.9112
960,0.0,0.461,0.539,0.7047
961,0.079,0.763,0.158,0.4754
962,0.591,0.409,0.0,-0.4389
963,0.0,0.812,0.188,0.9874
964,0.023,0.73,0.247,0.9849
965,0.0,0.626,0.374,0.5542
966,0.0,0.179,0.821,0.8798
967,0.142,0.706,0.152,0.0964
968,0.086,0.702,0.211,0.9036
969,0.034,0.646,0.321,0.9464
970,0.223,0.559,0.218,-0.0127
971,0.124,0.75,0.126,0.5851
972,0.069,0.76,0.171,0.998
973,0.031,0.672,0.297,0.9816
974,0.109,0.519,0.372,0.945
975,0.0,0.493,0.507,0.6306
976,0.081,0.735,0.185,0.9987
977,0.043,0.741,0.216,0.9911
978,0.0,0.192,0.808,0.6369
979,0.0,1.0,0.0,0.0
980,0.086,0.676,0.238,0.9296
981,0.137,0.679,0.184,0.4854
982,0.105,0.726,0.169,0.3818
983,0.212,0.507,0.281,0.3597
984,0.0,0.242,0.758,0.8553
985,0.0,0.691,0.309,0.7003
986,0.18,0.743,0.077,-0.5106
987,0.0,0.435,0.565,0.8442
988,0.111,0.832,0.057,-0.9356
989,0.0,0.481,0.519,0.6597
990,0.086,0.709,0.206,0.9895
991,0.0,0.814,0.186,0.9531
992,0.0,0.663,0.337,0.7269
993,0.07,0.658,0.272,0.6808
994,0.0,1.0,0.0,0.0
995,0.0,0.345,0.655,0.5859
996,0.0,0.561,0.439,0.923
997,0.0,0.714,0.286,0.4939
998,0.0,0.631,0.369,0.6249
999,0.116,0.819,0.066,-0.8867
1000,0.0,0.638,0.362,0.967
1001,0.402,0.598,0.0,-0.5719
1002,0.0,1.0,0.0,0.0
1003,0.102,0.712,0.186,0.6571
1004,0.0,1.0,0.0,0.0
1005,0.0,1.0,0.0,0.0
1006,0.0,0.71,0.29,0.926
1007,0.199,0.687,0.114,-0.5574
1008,0.0,0.774,0.226,0.6753
1009,0.04,0.677,0.283,0.8364
1010,0.0,0.888,0.112,0.34
1011,0.013,0.805,0.182,0.9908
1012,0.016,0.803,0.181,0.9968
1013,0.051,0.894,0.055,0.0516
1014,0.0,0.323,0.677,0.6369
1015,0.045,0.777,0.178,0.9686
1016,0.0,0.327,0.673,0.8497
1017,0.068,0.781,0.151,0.9057
1018,0.03,0.748,0.222,0.8016
1019,0.043,0.607,0.35,0.9823
1020,0.082,0.684,0.234,0.5994
1021,0.0,0.578,0.422,0.9032
1022,0.08,0.737,0.184,0.9915
1023,0.038,0.682,0.281,0.8537
1024,0.0,0.614,0.386,0.6588
1025,0.028,0.683,0.289,0.9745
1026,0.368,0.389,0.243,-0.3164
1027,0.0,0.485,0.515,0.6486
1028,0.0,0.498,0.502,0.4654
1029,0.0,0.527,0.473,0.6696
1030,0.019,0.79,0.19,0.9716
1031,0.09,0.755,0.155,0.7874
1032,0.107,0.76,0.133,0.521
1033,0.075,0.677,0.248,0.7303
1034,0.0,0.583,0.417,0.8346
1035,0.0,0.925,0.075,0.2732
1036,0.0,1.0,0.0,0.0
1037,0.059,0.604,0.337,0.9622
1038,0.068,0.781,0.151,0.9057
1039,0.03,0.748,0.222,0.8016
1040,0.082,0.684,0.234,0.5994
1041,0.0,0.578,0.422,0.9032
1042,0.0,1.0,0.0,0.0
1043,0.0,1.0,0.0,0.0
1044,0.131,0.752,0.117,-0.3071
1045,0.0,0.417,0.583,0.6369
1046,0.0,0.423,0.577,0.8834
1047,0.074,0.926,0.0,-0.4019
1048,0.134,0.766,0.1,-0.4854
1049,0.0,0.697,0.303,0.8977
1050,0.0,0.687,0.313,0.6249
1051,0.068,0.699,0.233,0.9017
1052,0.0,1.0,0.0,0.0
1053,0.272,0.662,0.066,-0.7644
1054,0.0,0.554,0.446,0.9165
1055,0.0,0.363,0.637,0.9712
1056,0.0,0.26,0.74,0.6908
1057,0.036,0.745,0.218,0.9889
1058,0.0,1.0,0.0,0.0
1059,0.0,1.0,0.0,0.0
1060,0.0,0.488,0.512,0.9403
1061,0.0,0.408,0.592,0.4404
1062,0.0,0.68,0.32,0.5106
1063,0.038,0.748,0.213,0.8766
1064,0.0,0.772,0.228,0.9081
1065,0.0,1.0,0.0,0.0
1066,0.036,0.869,0.095,0.222
1067,0.0,0.663,0.337,0.9217
1068,0.0,0.41,0.59,0.7351
1069,0.0,0.802,0.198,0.9761
1070,0.125,0.312,0.562,0.6369
1071,0.057,0.672,0.272,0.796
1072,0.04,0.786,0.174,0.8286
1073,0.0,1.0,0.0,0.0
1074,0.096,0.77,0.135,0.919
1075,0.0,1.0,0.0,0.0
1076,0.0,1.0,0.0,0.0
1077,0.091,0.68,0.229,0.6908
1078,0.054,0.564,0.381,0.9501
1079,0.0,0.289,0.711,0.8122
1080,0.025,0.816,0.159,0.875
1081,0.062,0.784,0.154,0.9716
1082,0.149,0.706,0.145,-0.1655
1083,0.0,0.804,0.196,0.9794
1084,0.063,0.768,0.169,0.8658
1085,0.0,0.265,0.735,0.8519
1086,0.141,0.703,0.157,0.0772
1087,0.0,0.323,0.677,0.6369
1088,0.095,0.695,0.21,0.886
1089,0.081,0.715,0.204,0.9449
1090,0.0,0.377,0.623,0.765
1091,0.0,0.729,0.271,0.7717
1092,0.0,0.625,0.375,0.6369
1093,0.113,0.76,0.127,0.9341
1094,0.0,0.451,0.549,0.8991
1095,0.0,0.728,0.272,0.6249
1096,0.262,0.619,0.119,-0.4588
1097,0.055,0.882,0.063,0.0772
1098,0.087,0.762,0.151,0.3703
1099,0.0,0.674,0.326,0.743
1100,0.0,0.909,0.091,0.0772
1101,0.074,0.701,0.224,0.9421
1102,0.0,0.769,0.231,0.5106
1103,0.444,0.556,0.0,-0.34
1104,0.136,0.678,0.186,0.2263
1105,0.0,0.668,0.332,0.9245
1106,0.0,0.588,0.412,0.8555
1107,0.195,0.655,0.149,-0.5722
1108,0.102,0.746,0.152,0.9468
1109,0.396,0.432,0.173,-0.4767
1110,0.224,0.345,0.431,0.5574
1111,0.065,0.788,0.147,0.9217
1112,0.103,0.559,0.338,0.9341
1113,0.051,0.616,0.333,0.9287
1114,0.0,0.864,0.136,0.6249
1115,0.063,0.704,0.233,0.914
1116,0.0,0.904,0.096,0.2023
1117,0.0,1.0,0.0,0.0
1118,0.0,0.715,0.285,0.5563
1119,0.0,0.669,0.331,0.9728
1120,0.0,0.564,0.436,0.8176
1121,0.0,0.763,0.237,0.4215
1122,0.0,0.799,0.201,0.9117
1123,0.034,0.857,0.109,0.8393
1124,0.0,0.861,0.139,0.4404
1125,0.063,0.704,0.233,0.914
1126,0.0,0.861,0.139,0.4404
1127,0.046,0.848,0.106,0.4767
1128,0.133,0.698,0.169,0.4865
1129,0.0,0.559,0.441,0.9118
1130,0.0,0.686,0.314,0.9423
1131,0.057,0.876,0.067,0.1027
1132,0.0,0.445,0.555,0.9551
1133,0.254,0.573,0.172,-0.5106
1134,0.0,0.673,0.327,0.8807
1135,0.0,0.58,0.42,0.4404
1136,0.0,0.648,0.352,0.9688
1137,0.0,0.609,0.391,0.9615
1138,0.0,0.717,0.283,0.7717
1139,0.279,0.481,0.24,-0.1027
1140,0.0,0.69,0.31,0.4003
1141,0.231,0.769,0.0,-0.34
1142,0.096,0.815,0.089,-0.5859
1143,0.026,0.863,0.111,0.9649
1144,0.006,0.776,0.217,0.9967
1145,0.0,0.728,0.272,0.9451
1146,0.173,0.676,0.151,-0.8939
1147,0.015,0.878,0.107,0.8082
1148,0.0,1.0,0.0,0.0
1149,0.123,0.664,0.213,0.4389
1150,0.0,0.385,0.615,0.749
1151,0.109,0.735,0.156,0.872
1152,0.015,0.855,0.13,0.9851
1153,0.0,0.692,0.308,0.8658
1154,0.0,0.308,0.692,0.6696
1155,0.0,1.0,0.0,0.0
1156,0.0,0.772,0.228,0.9737
1157,0.0,1.0,0.0,0.0
1158,0.019,0.893,0.088,0.8931
1159,0.0,0.385,0.615,0.749
1160,0.026,0.863,0.111,0.9649
1161,0.006,0.776,0.217,0.9967
1162,0.0,0.728,0.272,0.9451
1163,0.028,0.865,0.107,0.9427
1164,0.0,0.677,0.323,0.8885
1165,0.0,0.325,0.675,0.8519
1166,0.0,1.0,0.0,0.0
1167,0.0,0.799,0.201,0.9117
1168,0.0,1.0,0.0,0.0
1169,0.301,0.485,0.214,-0.2263
1170,0.124,0.713,0.163,0.7247
1171,0.072,0.741,0.187,0.9579
1172,0.024,0.746,0.23,0.9401
1173,0.29,0.28,0.43,0.128
1174,0.056,0.777,0.166,0.9972
1175,0.0,0.52,0.48,0.8793
1176,0.0,0.411,0.589,0.8622
1177,0.0,0.632,0.368,0.7906
1178,0.0,0.559,0.441,0.9348
1179,0.279,0.721,0.0,-0.4767
1180,0.0,0.417,0.583,0.6369
1181,0.0,0.622,0.378,0.7713
1182,0.14,0.524,0.335,0.575
1183,0.081,0.853,0.066,0.1027
1184,0.051,0.866,0.083,0.5566
1185,0.126,0.728,0.146,0.2023
1186,0.0,0.196,0.804,0.6249
1187,0.444,0.556,0.0,-0.34
1188,0.0,0.841,0.159,0.4854
1189,0.0,0.417,0.583,0.6369
1190,0.054,0.589,0.358,0.9795
1191,0.155,0.417,0.429,0.5574
1192,0.0,0.711,0.289,0.7269
1193,0.252,0.748,0.0,-0.4019
1194,0.0,0.799,0.201,0.9017
1195,0.169,0.695,0.135,-0.5791
1196,0.078,0.627,0.296,0.8271
1197,0.0,0.715,0.285,0.4926
1198,0.05,0.852,0.098,0.8271
1199,0.0,0.561,0.439,0.5719
1200,0.0,0.697,0.303,0.9382
1201,0.091,0.779,0.13,0.9958
1202,0.058,0.805,0.136,0.4945
1203,0.0,0.426,0.574,0.4019
1204,0.0,0.87,0.13,0.8779
1205,0.011,0.745,0.244,0.9977
1206,0.0,0.913,0.087,0.7351
1207,0.416,0.584,0.0,-0.5267
1208,0.116,0.556,0.328,0.9119
1209,0.063,0.829,0.108,0.9286
1210,0.159,0.602,0.239,0.3544
1211,0.131,0.773,0.096,-0.9929
1212,0.14,0.86,0.0,-0.3818
1213,0.295,0.705,0.0,-0.4449
1214,0.099,0.771,0.13,-0.3979
1215,0.0,1.0,0.0,0.0
1216,0.081,0.887,0.032,-0.99
1217,0.063,0.816,0.121,0.9239
1218,0.0,0.8,0.2,0.25
1219,0.0,0.844,0.156,0.7906
1220,0.0,0.687,0.313,0.915
1221,0.142,0.777,0.081,-0.8575
1222,0.18,0.705,0.115,-0.1867
1223,0.0,1.0,0.0,0.0
1224,0.0,0.502,0.498,0.9309
1225,0.051,0.699,0.25,0.9818
1226,0.019,0.89,0.091,0.948
1227,0.024,0.887,0.089,0.5499
1228,0.0,0.592,0.408,0.93
1229,0.0,1.0,0.0,0.0
1230,0.094,0.796,0.111,0.8318
1231,0.0,0.287,0.713,0.908
1232,0.118,0.75,0.132,0.1881
1233,0.0,0.71,0.29,0.7615
1234,0.0,0.672,0.328,0.6588
1235,0.167,0.716,0.117,-0.1779
1236,0.0,0.392,0.608,0.7351
1237,0.047,0.953,0.0,-0.5505
1238,0.019,0.887,0.094,0.7964
1239,0.0,0.649,0.351,0.4019
1240,0.054,0.712,0.234,0.8906
1241,0.097,0.629,0.274,0.9456
1242,0.029,0.797,0.175,0.9806
1243,0.34,0.66,0.0,-0.5574
1244,0.619,0.381,0.0,-0.7579
1245,0.0,0.437,0.563,0.8832
1246,0.0,0.571,0.429,0.8402
1247,0.027,0.827,0.146,0.9727
1248,0.0,0.779,0.221,0.34
1249,0.0,0.641,0.359,0.9545
1250,0.044,0.786,0.17,0.9145
1251,0.155,0.789,0.056,-0.9238
1252,0.0,0.832,0.168,0.937
1253,0.149,0.709,0.143,0.3396
1254,0.152,0.74,0.108,-0.8644
1255,0.028,0.723,0.249,0.9581
1256,0.118,0.794,0.088,-0.9634
1257,0.065,0.788,0.147,0.9826
1258,0.019,0.847,0.135,0.8422
1259,0.0,0.196,0.804,0.6249
1260,0.375,0.625,0.0,-0.5574
1261,0.097,0.78,0.123,0.0423
1262,0.143,0.599,0.258,0.3612
1263,0.0,0.371,0.629,0.7769
1264,0.0,1.0,0.0,0.0
1265,0.0,0.945,0.055,0.4926
1266,0.0,0.737,0.263,0.3612
1267,0.061,0.791,0.148,0.9253
1268,0.0,0.875,0.125,0.9297
1269,0.101,0.666,0.234,0.7332
1270,0.047,0.65,0.303,0.961
1271,0.026,0.803,0.171,0.9214
1272,0.061,0.678,0.26,0.9643
1273,0.152,0.621,0.227,0.7634
1274,0.13,0.503,0.367,0.8402
1275,0.0,0.76,0.24,0.9314
1276,0.0,1.0,0.0,0.0
1277,0.0,0.522,0.478,0.9001
1278,0.08,0.815,0.106,0.1171
1279,0.1,0.594,0.306,0.8313
1280,0.09,0.759,0.151,0.9941
1281,0.0,1.0,0.0,0.0
1282,0.047,0.65,0.303,0.961
1283,0.026,0.803,0.171,0.9214
1284,0.061,0.678,0.26,0.9643
1285,0.152,0.621,0.227,0.7634
1286,0.0,1.0,0.0,0.0
1287,0.0,0.585,0.415,0.7163
1288,0.0,0.5,0.5,0.7184
1289,0.0,1.0,0.0,0.0
1290,0.09,0.759,0.151,0.9941
1291,0.508,0.492,0.0,-0.4767
1292,0.1,0.594,0.306,0.8313
1293,0.0,0.4,0.6,0.6696
1294,0.044,0.832,0.124,0.9406
1295,0.0,0.441,0.559,0.7249
1296,0.0,0.235,0.765,0.9457
1297,0.649,0.351,0.0,-0.5719
1298,0.065,0.584,0.351,0.972
1299,0.0,0.87,0.13,0.5574
1300,0.047,0.661,0.292,0.9688
1301,0.0,0.25,0.75,0.7184
1302,0.298,0.702,0.0,-0.7783
1303,0.0,1.0,0.0,0.0
1304,0.0,0.833,0.167,0.9285
1305,0.129,0.8,0.071,-0.9746
1306,0.08,0.874,0.046,-0.3182
1307,0.044,0.758,0.198,0.9983
1308,0.0,0.408,0.592,0.4404
1309,0.0,0.417,0.583,0.6369
1310,0.0,0.41,0.59,0.5141
1311,0.087,0.8,0.113,0.9546
1312,0.0,1.0,0.0,0.0
1313,0.0,1.0,0.0,0.0
1314,0.231,0.769,0.0,-0.5106
1315,0.0,0.682,0.318,0.9908
1316,0.341,0.659,0.0,-0.8979
1317,0.085,0.847,0.069,-0.0721
1318,0.0,0.919,0.081,0.1956
1319,0.0,0.548,0.452,0.765
1320,0.195,0.697,0.108,-0.9584
1321,0.0,0.592,0.408,0.7358
1322,0.058,0.815,0.127,0.4939
1323,0.441,0.559,0.0,-0.7964
1324,0.102,0.697,0.201,0.9524
1325,0.03,0.676,0.294,0.9961
1326,0.093,0.756,0.151,0.9952
1327,0.03,0.676,0.294,0.9961
1328,0.0,0.532,0.468,0.659
1329,0.052,0.845,0.102,0.72
1330,0.0,0.796,0.204,0.9694
1331,0.0,0.791,0.209,0.9074
1332,0.053,0.701,0.246,0.9741
1333,0.087,0.745,0.168,0.9897
1334,0.0,1.0,0.0,0.0
1335,0.23,0.47,0.3,0.1779
1336,0.0,1.0,0.0,0.0
1337,0.157,0.843,0.0,-0.2183
1338,0.052,0.545,0.404,0.9803
1339,0.032,0.803,0.165,0.9594
1340,0.123,0.738,0.14,0.6521
1341,0.0,1.0,0.0,0.0
1342,0.111,0.771,0.118,-0.1779
1343,0.0,0.724,0.276,0.6369
1344,0.146,0.732,0.123,-0.9761
1345,0.048,0.772,0.18,0.951
1346,0.211,0.659,0.13,-0.9755
1347,0.091,0.781,0.128,0.7619
1348,0.084,0.734,0.182,0.9802
1349,0.045,0.769,0.187,0.9532
1350,0.0,0.661,0.339,0.6249
1351,0.058,0.83,0.111,0.8308
1352,0.108,0.791,0.102,-0.107
1353,0.239,0.661,0.1,-0.9027
1354,0.029,0.89,0.082,0.7454
1355,0.131,0.758,0.111,-0.7133
1356,0.08,0.713,0.208,0.9758
1357,0.0,0.676,0.324,0.5859
1358,0.0,0.408,0.592,0.4404
1359,0.0,1.0,0.0,0.0
1360,0.058,0.658,0.284,0.7336
1361,0.0,0.328,0.672,0.6249
1362,0.03,0.757,0.213,0.9929
1363,0.0,0.625,0.375,0.6369
1364,0.121,0.693,0.186,0.9292
1365,0.055,0.76,0.185,0.9519
1366,0.188,0.29,0.522,0.6824
1367,0.108,0.733,0.159,0.2617
1368,0.045,0.77,0.185,0.9337
1369,0.0,0.751,0.249,0.8821
1370,0.258,0.464,0.278,-0.1779
1371,0.033,0.67,0.297,0.9451
1372,0.17,0.708,0.121,-0.8422
1373,0.0,0.185,0.815,0.6588
1374,0.0,0.658,0.342,0.9595
1375,0.0,0.709,0.291,0.5081
1376,0.142,0.565,0.293,0.8516
1377,0.0,0.306,0.694,0.6996
1378,0.0,0.196,0.804,0.6249
1379,0.02,0.673,0.307,0.982
1380,0.096,0.795,0.109,0.1027
1381,0.0,0.196,0.804,0.6249
1382,0.247,0.412,0.341,0.5267
1383,0.076,0.622,0.302,0.7263
1384,0.162,0.719,0.119,-0.7675
1385,0.0,0.904,0.096,0.1779
1386,0.0,0.677,0.323,0.9072
1387,0.138,0.689,0.173,0.3644
1388,0.054,0.59,0.356,0.9151
1389,0.0,0.556,0.444,0.6988
1390,0.0,0.817,0.183,0.8122
1391,0.079,0.707,0.214,0.9242
1392,0.0,0.303,0.697,0.3182
1393,0.0,0.628,0.372,0.9118
1394,0.0,0.848,0.152,0.8658
1395,0.0,0.133,0.867,0.7579
1396,0.31,0.69,0.0,-0.5574
1397,0.414,0.485,0.101,-0.8442
1398,0.168,0.524,0.307,0.7037
1399,0.065,0.819,0.115,0.9062
1400,0.147,0.699,0.154,-0.3497
1401,0.281,0.563,0.156,-0.4559
1402,0.061,0.667,0.271,0.8921
1403,0.0,0.441,0.559,0.5859
1404,0.0,0.621,0.379,0.891
1405,0.0,1.0,0.0,0.0
1406,0.028,0.75,0.223,0.9529
1407,0.0,0.313,0.687,0.7639
1408,0.0,0.806,0.194,0.34
1409,0.138,0.784,0.078,-0.296
1410,0.0,0.809,0.191,0.9583
1411,0.068,0.826,0.106,0.6569
1412,0.0,0.376,0.624,0.9117
1413,0.0,0.5,0.5,0.875
1414,0.0,0.868,0.132,0.799
1415,0.0,0.86,0.14,0.0772
1416,0.0,0.376,0.624,0.891
1417,0.0,1.0,0.0,0.0
1418,0.049,0.487,0.464,0.9298
1419,0.0,0.659,0.341,0.3804
1420,0.038,0.791,0.172,0.9778
1421,0.0,0.537,0.463,0.9467
1422,0.0,0.345,0.655,0.6908
1423,0.0,0.129,0.871,0.7764
1424,0.16,0.577,0.263,0.8442
1425,0.135,0.865,0.0,-0.1027
1426,0.0,0.818,0.182,0.8316
1427,0.0,1.0,0.0,0.0
1428,0.102,0.767,0.13,0.1408
1429,0.0,0.278,0.722,0.9485
1430,0.0,0.735,0.265,0.7814
1431,0.0,0.667,0.333,0.9881
1432,0.0,0.556,0.444,0.34
1433,0.0,0.547,0.453,0.891
1434,0.0,0.763,0.237,0.8309
1435,0.244,0.756,0.0,-0.4404
1436,0.0,0.546,0.454,0.8519
1437,0.021,0.817,0.162,0.9899
1438,0.108,0.683,0.209,0.7297
1439,0.0,0.49,0.51,0.6369
1440,0.0,0.556,0.444,0.4939
1441,0.11,0.835,0.056,-0.7158
1442,0.053,0.642,0.305,0.9473
1443,0.0,0.633,0.367,0.4404
1444,0.0,1.0,0.0,0.0
1445,0.0,0.482,0.518,0.8225
1446,0.0,0.662,0.338,0.6239
1447,0.0,1.0,0.0,0.0
1448,0.0,1.0,0.0,0.0
1449,0.0,0.431,0.569,0.765
